61 118 2
21.363 59.467
106.13 159.79
68.339 249.9
371.46 240.12
372.73 135.68
323.23 57.996
392.25 40.426
114.75 69.149
230.66 81.856
191.23 196.97
91.088 187.82
84.451 107.45
136.29 201.26
126.62 345.39
134.37 426.49
203.43 465.49
164.98 447.47
165.6 244.13
285.25 230.21
303.99 325.41
308 413.8
450.55 331.34
468.6 248.58
314.08 243.07
474.64 225.69
463.61 126.46
249.58 154.42
326.48 19.557
354.66 104.43
430.8 71.083
21.363 59.467
106.13 159.79
68.339 249.9
371.46 240.12
372.73 135.68
323.23 57.996
392.25 40.426
114.75 69.149
230.66 81.856
191.23 196.97
91.088 187.82
84.451 107.45
136.29 201.26
126.62 345.39
134.37 426.49
203.43 465.49
164.98 447.47
165.6 244.13
285.25 230.21
303.99 325.41
308 413.8
450.55 331.34
468.6 248.58
314.08 243.07
474.64 225.69
463.61 126.46
249.58 154.42
326.48 19.557
354.66 104.43
430.8 71.083

14 48 20 
43 2 40 
8 1 58 
31 1 8 
58 1 0 
34 4 5 
35 5 29 
49 19 10 
59 6 7 
5 4 24 
37 7 28 
36 9 58 
38 8 58 
42 31 8 
29 27 36 
2 12 38 
27 57 40 
40 39 27 
33 11 13 
41 12 32 
38 12 8 
32 2 41 
48 13 18 
11 41 43 
44 14 15 
48 33 13 
3 15 0 
20 48 19 
46 16 0 
17 14 20 
45 17 47 
45 14 17 
48 18 19 
13 10 18 
24 19 49 
18 10 19 
50 20 19 
51 17 20 
16 21 0 
16 17 51 
52 22 23 
21 20 50 
53 23 34 
22 4 34 
54 24 4 
54 19 24 
55 25 26 
23 22 34 
56 26 30 
25 5 26 
36 27 9 
57 10 40 
37 28 0 
7 6 28 
37 59 7 
5 27 29 
60 30 37 
26 5 35 
0 31 3 
0 1 31 
2 32 12 
2 43 41 
31 33 3 
31 41 33 
25 34 5 
25 53 34 
59 35 29 
30 26 35 
6 36 58 
6 29 36 
60 37 0 
59 29 6 
9 39 58 
39 2 38 
58 39 38 
9 27 39 
13 43 10 
2 39 40 
33 41 11 
31 12 41 
12 42 8 
12 31 42 
10 43 40 
13 11 43 
3 44 15 
3 14 44 
15 45 0 
15 14 45 
47 46 0 
17 16 46 
45 47 0 
17 46 47 
3 48 14 
3 33 48 
5 49 27 
5 24 49 
22 50 4 
22 21 50 
21 51 20 
21 16 51 
21 52 0 
21 22 52 
55 53 25 
52 23 53 
50 54 4 
50 19 54 
52 55 0 
52 53 55 
55 56 0 
55 26 56 
49 57 27 
49 10 57 
28 58 0 
28 6 58 
30 59 37 
30 35 59 
56 60 0 
56 30 60 

27 29 92 
77 82 61 
4 12 3 
2 13 59 
59 112 2 
9 64 43 
55 66 57 
35 111 34 
53 54 71 
44 95 5 
53 52 54 
72 68 50 
2 74 20 
3 80 81 
50 69 55 
20 73 60 
51 17 110 
75 16 77 
83 25 78 
60 21 79 
80 12 15 
61 19 60 
33 32 25 
61 83 78 
87 84 85 
18 22 93 
86 58 84 
32 36 0 
38 88 89 
0 37 31 
91 90 31 
29 30 87 
35 27 22 
35 22 76 
7 95 45 
7 32 33 
27 105 41 
29 98 39 
100 28 99 
37 99 89 
47 103 101 
36 97 98 
47 65 103 
5 47 96 
9 104 45 
34 44 105 
49 109 102 
43 42 40 
67 117 109 
57 46 64 
75 11 14 
82 16 111 
112 70 10 
113 10 8 
8 10 114 
14 6 94 
114 70 117 
6 67 49 
62 26 59 
3 58 4 
19 15 21 
23 21 1 
93 58 63 
78 62 79 
5 49 65 
42 64 102 
6 71 115 
57 115 48 
11 113 69 
14 68 71 
52 116 56 
69 8 66 
74 11 75 
15 74 77 
73 12 72 
17 72 50 
82 33 83 
17 1 73 
23 18 63 
19 63 81 
13 20 81 
13 80 79 
1 51 76 
23 76 18 
24 26 85 
24 84 92 
90 26 87 
31 86 24 
28 90 91 
28 91 39 
88 86 30 
88 30 89 
0 85 93 
25 92 62 
110 55 95 
34 94 9 
104 43 97 
41 96 101 
37 41 99 
39 98 38 
106 38 101 
40 100 97 
65 46 107 
42 107 40 
44 96 105 
45 104 36 
108 100 107 
102 106 103 
116 106 109 
48 108 46 
16 94 111 
51 110 7 
4 52 113 
68 112 53 
54 56 115 
66 114 67 
70 108 117 
56 116 48 
