31 58 2
21.363 59.467
106.13 159.79
68.339 249.9
371.46 240.12
372.73 135.68
323.23 57.996
392.25 40.426
114.75 69.149
230.66 81.856
191.23 196.97
91.088 187.82
84.451 107.45
136.29 201.26
126.62 345.39
134.37 426.49
203.43 465.49
164.98 447.47
165.6 244.13
285.25 230.21
303.99 325.41
308 413.8
450.55 331.34
468.6 248.58
314.08 243.07
474.64 225.69
463.61 126.46
249.58 154.42
326.48 19.557
354.66 104.43
430.8 71.083

14 18 20 
13 2 10 
8 1 28 
0 1 3 
28 1 0 
25 4 5 
30 5 29 
5 19 27 
29 6 7 
5 4 24 
30 7 0 
6 9 28 
9 8 28 
12 1 8 
29 27 6 
2 8 9 
27 10 9 
2 9 10 
1 11 3 
1 12 11 
2 12 8 
2 11 12 
11 13 3 
11 2 13 
3 14 15 
3 13 18 
3 15 0 
20 18 19 
17 16 0 
17 14 20 
15 17 0 
15 14 17 
3 18 14 
13 10 18 
24 19 5 
18 10 19 
22 20 4 
21 17 20 
16 21 0 
16 17 21 
21 22 0 
21 20 22 
22 23 25 
22 4 23 
20 24 4 
20 19 24 
22 25 0 
23 4 25 
25 26 0 
25 5 26 
6 27 9 
19 10 27 
7 28 0 
7 6 28 
30 29 7 
5 27 29 
26 30 0 
26 5 30 

27 29 32 
17 33 23 
4 12 13 
18 26 4 
3 52 2 
9 49 47 
55 54 57 
51 55 34 
53 54 14 
44 34 5 
52 56 54 
12 53 50 
2 11 15 
2 20 19 
50 8 55 
12 17 20 
17 50 51 
16 1 15 
22 3 19 
21 18 13 
13 15 21 
19 20 23 
25 18 23 
1 22 21 
31 26 32 
33 32 22 
30 3 24 
35 45 0 
38 30 39 
0 37 31 
28 26 31 
29 30 24 
0 24 25 
35 25 1 
7 9 45 
51 27 33 
44 43 41 
29 41 39 
40 28 39 
37 38 28 
46 38 41 
36 40 37 
47 46 43 
47 42 36 
9 36 45 
34 44 27 
48 40 42 
5 42 43 
56 46 49 
57 48 5 
16 11 14 
16 7 35 
4 10 53 
11 52 8 
8 10 6 
14 6 7 
10 48 57 
6 56 49 
